1.29	1.96	1.56	1.76	1.5	1.52
1.87	1.91	1.48	1.88	2.18	1.58
1.44	1.88	1.69	1.91	1.6	1.51
1.68	1.49	1.67	1.36	1.69	1.84
1.73	1.09	1.79	1.67	1.47	1.82
1.53	1.49	1.75	1.71	1.13	1.36
1.79	1.75	1.61	1.43	1.58	1.69
1.91	1.73	1.66	2	1.72	1.72
1.53	1.39	1.45	1.96	1.88	1.52
1.59	1.85	1.46	1.66	1.89	1.97
1.87	1.62	1.48	1.8	1.87	1.74
1.5	1.68	1.32	1.92	1.65	1.51
1.59	1.59	1.6	1.34	1.68	1.38
1.91	1.78	1.64	1.48	2.33	1.57
1.79	1.61	1.78	2.1	1.61	1.7
1.71	2.12	1.3	1.54	1.67	1.86
1.9	1.83	2.13	1.64

	mean ------>  1.6767

	mode ------>  1.91

	median ------>  1.675

	sd ------>  0.2198

	varc ------>  0.0483

	var_coeff ------>  0.1311

	1st quantile ------>  1.52

	2rd quantile ------>  1.675

	3rd quantile ------>  1.8325

	conf_range_mean ------> [1.63362 ,  1.71978]

	conf_range_varc ------> [0.037234 ,  0.06518]

	Assuming confidence level ----> 95, so alpha ----> 0.05
