1.57	1.05	1.21	1.53	1.47	1.62
1.74	1.85	1.5	1.51	1.66	1.64
1.66	1.59	1.36	2.13	1.74	1.63
1.66	1.73	1.48	1.87	1.74	1.79
2.12	1.86	1.6	1.97	1.58	1.77
1.82	1.47	1.62	1.3	1.91	1.65
1.75	1.49	1.4	1.83	1.68	1.21
1.53	1.58	1.47	1.76	1.82	2.2
1.9	1.64	1.65	2.03	1.51	1.81
1.96	1.33	2.2	1.73	1.89	1.48
1.71	1.96	1.61	1.45	1.7	1.64
1.7	1.79	1.36	1.7	1.64	1.3
1.47	1.74	1.88	1.53	2.02	1.97
1.7	1.39	1.91	1.75	2.01	1.5
1.52	1.76	1.91	1.75	1.49	1.79
1.74	1.61	1.71	1.18	1.51	1.54
2.06	1.77	1.42	1.91	2.18	1.6
1.89	1.78	1.94	1.52	2.03	1.26
1.67	1.62	1.54	1.82	1.66	1.72
1.77	1.74	1.79	1.52	1.68	1.84
1.72	1.86	1.78	1.67	1.24	1.74
1.65	1.33	1.67	1.66	1.53	1.61
1.58	1.79	2.26	1.31	1.91	1.66
1.78	1.65	1.68	2	1.57	2.04
1.49	2.33	1.65	1.47	1.66	1.67
1.81	2	1.83	1.61	1.66	1.42
1.45	1.88	1.68	1.53	1.6	1.34
1.41	1.86	1.77	1.42	1.7	1.97
1.37	1.68	1.81	1.49	1.91	1.88
1.78	2.01	1.45	1.43	1.26	1.56
1.76	1.79	1.6	2.17	1.46	1.82
1.63	1.87	1.5	1.72	1.72	1.54
1.6	1.9	2.11	1.54	1.44	2.07
1.51	1.44	1.14	1.74	1.73	1.64
1.38	1.47	1.35	1.59	1.92	2.14
1.96	1.63	1.85	1.69	1.76	1.87
2.08	1.63	1.89	1.59	1.68	1.88
1.4	1.78	1.54	1.4	1.82	1.52
1.69	1.41	1.48	2	1.74	1.99
2.06	1.2	1.76	1.63	1.85	1.64
1.68	1.56	1.71	1.13	1.52	1.97
1.96	1.71	1.6	1.67	1.83	1.34
2.01	1.63	2.03	1.56	1.9	1.47
1.83	1.92	1.68	1.63	1.87	1.62
1.24	1.29	1.99	1.88	1.65	1.7
1.55	1.88	2	1.61	1.5	1.83
1.68	1.36	1.54	1.22	1.37	1.73
1.52	1.42	1.54	1.84	1.73	2.02
2.08	1.82	1.19	1.74	1.83	1.38
1.74	1.4	1.7	1.59	1.75	1.67
2.22	1.81	1.75	1.98	1.78	1.71
2.03	1.42	1.47	1.83	1.16	1.88
1.84	2.08	1.72	1.44	1.79	1.48
1.78	1.48	2	1.61	1.85	1.53
2.04	1.69	1.72	1.5	1.67	1.59
1.61	1.9	1.5	1.3	2.1	1.58
1.96	1.69	1.76	1.48	1.67	1.5
2.05	1.59	1.24	1.62	1.55	1.48
1.52	1.99	1.78	1.87	1.84	1.65
1.64	1.44	1.77	1.46	1.51	1.72
1.54	2.17	1.59	1.68	2.21	1.78
1.37	1.56	1.77	1.54	1.73	1.57
1.32	1.51	1.36	1.84	1.75	1.75
1.96	1.64	1.89	1.85	1.66	1.46
1.61	1.73	1.58	1.86	1.75	1.69
2.03	1.33	1.68	1.81	1.54	1.63
1.43	1.73	1.74	1.79	1.97	1.32
2.29	1.95	1.59	1.9	2.16	2.12
1.69	1.5	1.84	1.3	1.58	1.69
1.45	1.49	1.65	1.83	1.49	1.79
1.87	1.57	1.9	1.75	1.46	1.76
1.81	2.28	0.75	1.8	1.72	1.81
1.96	1.93	1.69	1.56	1.7	1.76
1.58	2.04	1.32	1.72	1.85	1.65
2.03	2.19	1.46	1.67	1.5	1.48
1.39	1.76	1.7	1.54	1.48	2.13
1.53	1.63	1.72	1.51	1.71	1.92
1.86	1.61	1.45	1.68	1.89	1.71
2.07	1.83	1.5	1.51	1.56	1.54
1.61	2.23	1.68	1.59	1.92	1.74
1.58	1.09	1.54	1.87	1.87	1.51
1.27	1.79	1.42	1.74	1.75	1.6
1.67	1.56	1.5	1.61	1.59	1.87
1.64	1.65

	mean ------>  1.6846

	mode ------>  1.74

	median ------>  1.68

	sd ------>  0.2276

	varc ------>  0.0518

	var_coeff ------>  0.1351

	1st quantile ------>  1.53

	2rd quantile ------>  1.68

	3rd quantile ------>  1.83

	conf_range_mean ------> [1.66465 ,  1.70455]

	conf_range_varc ------> [0.045929 ,  0.05888]

	Assuming confidence level ----> 95, so alpha ----> 0.05
