1.91	1.86	2.22	1.44	1.47	1.53
1.35	1.76	1.62	1.84	1.76	1.81
1.76	1.81	1.69	1.55	1.68	1.54
1.45	1.86	1.66	1.73	1.45	1.91
1.54	1.85	1.72	1.33	1.46	1.76
2.1	1.69	1.22	1.83	1.61	1.53
1.47	2.08	1.77	1.76	2.08	1.79
1.48	1.83	1.86	1.42	1.59	1.6
1.71	1.59	1.32	1.3	1.68	1.58
1.55	1.7	1.27	1.66	1.45	1.33
2.01	1.75	1.35	1.62	1.4	2.2
1.57	1.96	1.68	1.86	1.52	1.58
1.51	2.22	1.62	1.48	1.88	1.99
1.42	1.87	1.65	2.12	1.87	1.55
1.53	1.36	1.22	1.66	1.74	1.52
1.89	1.62	1.82	1.54	1.54	1.68
1.87	1.67	1.71	1.57

	mean ------>  1.6679

	mode ------>  1.76

	median ------>  1.66

	sd ------>  0.2225

	varc ------>  0.0495

	var_coeff ------>  0.1334

	1st quantile ------>  1.5275

	2rd quantile ------>  1.66

	3rd quantile ------>  1.8225

	conf_range_mean ------> [1.624291 ,  1.711509]

	conf_range_varc ------> [0.038159 ,  0.0668]

	Assuming confidence level ----> 95, so alpha ----> 0.05
